data WORK.QUESTION_BANK;
  infile datalines dsd truncover;
  input Question:$15. Frenemy_Group:BEST. Topic:$2. Objective:$5. Correct:BEST.;
  format Frenemy_Group BEST. Correct BEST.;
  label Question="Question" Frenemy_Group="Frenemy Group" Topic="Topic" Objective="Objective" Correct="% Correctly Answered";
datalines;
ITEM_01.01.01,,01,01.01,0.822
ITEM_01.01.02,1,01,01.01,0.723
ITEM_01.01.03,1,01,01.01,0.872
ITEM_01.01.04,1,01,01.01,0.743
ITEM_01.01.06,2,01,01.01,0.762
ITEM_01.01.06.1,2,01,01.01,0.73
ITEM_01.01.07,,01,01.01,0.797
ITEM_01.01.08,,01,01.01,0.708
ITEM_01.01.09,,01,01.01,0.757
ITEM_01.01.10,,01,01.01,0.818
ITEM_01.02.01,,01,01.02,0.734
ITEM_01.02.02,,01,01.02,0.517
ITEM_01.02.03,3,01,01.02,0.817
ITEM_01.02.04,3,01,01.02,0.857
ITEM_01.02.05,4,01,01.02,0.686
ITEM_01.02.06,4,01,01.02,0.689
ITEM_01.02.07,5,01,01.02,0.747
ITEM_01.02.08,5,01,01.02,0.751
ITEM_02.01.01,,02,02.01,0.637
ITEM_02.01.02,,02,02.01,0.597
ITEM_02.01.03,,02,02.01,0.709
ITEM_02.01.04,,02,02.01,0.76
ITEM_02.01.05,7,02,02.01,0.816
ITEM_02.01.06,6,02,02.01,0.722
ITEM_02.01.07,7,02,02.01,0.843
ITEM_02.01.08,6,02,02.01,0.742
ITEM_02.01.10,,02,02.01,0.523
ITEM_02.01.11,8,02,02.01,0.829
ITEM_02.01.12,,02,02.01,0.4
ITEM_02.01.13,8,02,02.01,0.814
ITEM_02.01.14,9,02,02.01,0.7
ITEM_02.01.15,9,02,02.01,0.739
ITEM_02.02.01,,02,02.02,0.705
ITEM_02.02.02,,02,02.02,0.809
ITEM_02.02.03,10,02,02.02,0.673
ITEM_02.02.04,10,02,02.02,0.693
ITEM_02.02.05,,02,02.02,0.851
ITEM_02.02.06,,02,02.02,0.766
ITEM_02.02.07,11,02,02.02,0.589
ITEM_02.02.08,11,02,02.02,0.515
ITEM_02.02.09,,02,02.02,0.817
ITEM_02.02.11,12,02,02.02,0.776
ITEM_02.02.10.1,12,02,02.02,0.77
ITEM_02.03.01,13,02,02.03,0.839
ITEM_02.03.02,,02,02.03,0.705
ITEM_02.03.03,13,02,02.03,0.84
ITEM_02.03.04,14,02,02.03,0.742
ITEM_02.03.05,15,02,02.03,0.666
ITEM_02.03.06,14,02,02.03,0.75
ITEM_02.03.07,15,02,02.03,0.674
ITEM_02.03.08,,02,02.03,0.733
ITEM_02.03.10,,02,02.03,0.788
ITEM_02.03.11,,02,02.03,0.716
ITEM_02.03.12,,02,02.03,0.677
ITEM_02.04.01,16,02,02.04,0.686
ITEM_02.04.02,16,02,02.04,0.692
ITEM_02.04.03,,02,02.04,0.543
ITEM_02.04.04,17,02,02.04,0.749
ITEM_02.04.05,,02,02.04,0.554
ITEM_02.04.06,,02,02.04,0.843
ITEM_02.04.07,17,02,02.04,0.758
ITEM_02.04.08,,02,02.04,0.713
ITEM_03.01.01,18,03,03.01,0.761
ITEM_03.01.02,18,03,03.01,0.775
ITEM_03.01.03,19,03,03.01,0.804
ITEM_03.01.04,19,03,03.01,0.798
ITEM_03.01.05,,03,03.01,0.817
ITEM_03.01.06,,03,03.01,0.532
ITEM_03.01.08,20,03,03.01,0.797
ITEM_03.01.09,20,03,03.01,0.783
ITEM_03.02.01,,03,03.02,0.729
ITEM_03.02.03,21,03,03.02,0.63
ITEM_03.02.04,,03,03.02,0.696
ITEM_03.02.05,21,03,03.02,0.626
ITEM_03.02.06,22,03,03.02,0.74
ITEM_03.02.06.1,22,03,03.02,0.814
ITEM_03.02.07,,03,03.02,0.696
ITEM_03.02.08,,03,03.02,0.796
ITEM_03.02.09,,03,03.02,0.701
ITEM_03.02.10,23,03,03.02,0.659
ITEM_03.02.11,23,03,03.02,0.658
ITEM_03.02.11-A,23,03,03.02,0.702
ITEM_03.03.02,24,03,03.03,0.723
ITEM_03.03.03,,03,03.03,0.702
ITEM_03.03.04,24,03,03.03,0.74
ITEM_03.03.05,25,03,03.03,0.625
ITEM_03.03.06,,03,03.03,0.857
ITEM_03.03.07,25,03,03.03,0.612
ITEM_03.03.08,26,03,03.03,0.636
ITEM_03.03.09,,03,03.03,0.533
ITEM_03.03.10,,03,03.03,0.742
ITEM_03.04.01,26,03,03.04,0.647
ITEM_03.04.02,,03,03.04,0.754
ITEM_03.04.03,27,03,03.04,0.7
ITEM_03.04.05,27,03,03.04,0.704
ITEM_03.04.06,,03,03.04,0.609
ITEM_03.04.07,,03,03.04,0.587
ITEM_03.04.10,28,03,03.04,0.6
ITEM_03.04.11,,03,03.04,0.529
ITEM_03.04.12,28,03,03.04,0.626
ITEM_03.04.13,,03,03.04,0.471
ITEM_03.04.14,,03,03.04,0.589
ITEM_03.04.15,,03,03.04,0.844
ITEM_03.04.16,,03,03.04,0.54
ITEM_04.01.01,29,04,04.01,0.779
ITEM_04.01.02,29,04,04.01,0.795
ITEM_04.01.03,30,04,04.01,0.807
ITEM_04.01.04,30,04,04.01,0.829
ITEM_04.01.05,,04,04.01,0.673
ITEM_04.01.07,,04,04.01,0.71
ITEM_04.01.08,,04,04.01,0.627
ITEM_04.02.01,31,04,04.02,0.796
ITEM_04.02.13,,04,04.02,0.704
ITEM_04.02.02,,04,04.02,0.616
ITEM_04.02.03,,04,04.02,0.833
ITEM_04.02.05,31,04,04.02,0.766
ITEM_04.02.08,,04,04.02,0.643
ITEM_04.02.09,,04,04.02,0.6
ITEM_04.02.10,32,04,04.02,0.669
ITEM_04.02.10.1,32,04,04.02,0.67
ITEM_04.02.11,,04,04.02,0.723
ITEM_04.03.01,33,04,04.03,0.543
ITEM_04.03.02,33,04,04.03,0.572
ITEM_04.03.03,,04,04.03,0.708
ITEM_04.03.05,,04,04.03,0.761
ITEM_04.03.06,,04,04.03,0.662
ITEM_04.03.07,,04,04.03,0.783
ITEM_04.03.08,,04,04.03,0.657
ITEM_04.03.09,,04,04.03,0.824
ITEM_04.04.01,,04,04.04,0.534
ITEM_04.04.02,34,04,04.04,0.743
ITEM_04.04.03,34,04,04.04,0.716
ITEM_04.04.04,34,04,04.04,0.676
ITEM_04.04.05,,04,04.04,0.579
ITEM_04.04.06,35,04,04.04,0.674
ITEM_04.04.07,35,04,04.04,0.683
ITEM_05.01.01,,05,05.01,0.835
ITEM_05.01.02,,05,05.01,0.686
ITEM_05.01.03,,05,05.01,0.804
ITEM_05.01.04,,05,05.01,0.608
ITEM_05.01.05,36,05,05.01,0.766
ITEM_05.01.07,36,05,05.01,0.798
ITEM_05.01.08,,05,05.01,0.647
ITEM_05.01.09,,05,05.01,0.721
ITEM_05.01.11,37,05,05.01,0.741
ITEM_05.01.20,37,05,05.01,0.743
ITEM_05.02.01,,05,05.02,0.793
ITEM_05.02.02,38,05,05.02,0.681
ITEM_05.02.03,,05,05.02,0.625
ITEM_05.02.04,38,05,05.02,0.67
ITEM_05.02.05,39,05,05.02,0.747
ITEM_05.02.06,39,05,05.02,0.736
ITEM_05.02.07,40,05,05.02,0.728
ITEM_05.02.08,40,05,05.02,0.704
;
